{
	 "__metadata__": {
		 "format": "assimp2json"
		,"version": 100
	}
	,"rootnode": {
		 "name": "nodes[288]"
		,"transformation": [
			 1
			,0
			,0
			,0
			,0
			,1
			,0
			,0
			,0
			,0
			,1
			,0
			,0
			,0
			,0
			,1
		]
		,"children": [
			{
				 "name": "bb_main"
				,"transformation": [
					 1
					,0
					,0
					,0.5
					,0
					,1
					,0
					,0
					,0
					,0
					,1
					,0.5
					,0
					,0
					,0
					,1
				]
				,"meshes": [
					 49
				]
			}
			,{
				 "name": "bb_main"
				,"transformation": [
					 1
					,0
					,0
					,0.5
					,0
					,1
					,0
					,0
					,0
					,0
					,1
					,0.5
					,0
					,0
					,0
					,1
				]
				,"meshes": [
					 50
				]
			}
			,{
				 "name": "bb_main"
				,"transformation": [
					 1
					,0
					,0
					,0.5
					,0
					,1
					,0
					,0
					,0
					,0
					,1
					,0.5
					,0
					,0
					,0
					,1
				]
				,"meshes": [
					 51
				]
			}
			,{
				 "name": "bb_main"
				,"transformation": [
					 1
					,0
					,0
					,0.5
					,0
					,1
					,0
					,0
					,0
					,0
					,1
					,0.5
					,0
					,0
					,0
					,1
				]
				,"meshes": [
					 52
				]
			}
			,{
				 "name": "bb_main"
				,"transformation": [
					 1
					,0
					,0
					,0.5
					,0
					,1
					,0
					,0
					,0
					,0
					,1
					,0.5
					,0
					,0
					,0
					,1
				]
				,"meshes": [
					 53
				]
			}
			,{
				 "name": "bb_main"
				,"transformation": [
					 1
					,0
					,0
					,0.5
					,0
					,1
					,0
					,0
					,0
					,0
					,1
					,0.5625
					,0
					,0
					,0
					,1
				]
				,"meshes": [
					 54
				]
			}
			,{
				 "name": "bb_main"
				,"transformation": [
					 1
					,0
					,0
					,0.5
					,0
					,1
					,0
					,0
					,0
					,0
					,1
					,0.5625
					,0
					,0
					,0
					,1
				]
				,"meshes": [
					 55
					,56
				]
			}
			,{
				 "name": "bb_main"
				,"transformation": [
					 1
					,0
					,0
					,0.5
					,0
					,1
					,0
					,0
					,0
					,0
					,1
					,0.5625
					,0
					,0
					,0
					,1
				]
				,"meshes": [
					 57
					,58
				]
			}
			,{
				 "name": "bb_main"
				,"transformation": [
					 1
					,0
					,0
					,0.5
					,0
					,1
					,0
					,0
					,0
					,0
					,1
					,0.5625
					,0
					,0
					,0
					,1
				]
				,"meshes": [
					 59
					,60
				]
			}
			,{
				 "name": "bb_main"
				,"transformation": [
					 1
					,0
					,0
					,0.5
					,0
					,1
					,0
					,0
					,0
					,0
					,1
					,0.5625
					,0
					,0
					,0
					,1
				]
				,"meshes": [
					 61
					,62
				]
			}
			,{
				 "name": "bb_main"
				,"transformation": [
					 1
					,0
					,0
					,0.5
					,0
					,1
					,0
					,0
					,0
					,0
					,1
					,0.5625
					,0
					,0
					,0
					,1
				]
				,"meshes": [
					 63
				]
			}
			,{
				 "name": "bb_main"
				,"transformation": [
					 1
					,0
					,0
					,0.5
					,0
					,1
					,0
					,0
					,0
					,0
					,1
					,0.5625
					,0
					,0
					,0
					,1
				]
				,"meshes": [
					 64
				]
			}
			,{
				 "name": "bb_main"
				,"transformation": [
					 1
					,0
					,0
					,0.5
					,0
					,1
					,0
					,0
					,0
					,0
					,1
					,0.5625
					,0
					,0
					,0
					,1
				]
				,"meshes": [
					 65
				]
			}
			,{
				 "name": "bb_main"
				,"transformation": [
					 1
					,0
					,0
					,0.5
					,0
					,1
					,0
					,0
					,0
					,0
					,1
					,0.5625
					,0
					,0
					,0
					,1
				]
				,"meshes": [
					 66
				]
			}
			,{
				 "name": "bb_main"
				,"transformation": [
					 1
					,0
					,0
					,0.5
					,0
					,1
					,0
					,0
					,0
					,0
					,1
					,0.5625
					,0
					,0
					,0
					,1
				]
				,"meshes": [
					 67
					,68
				]
			}
			,{
				 "name": "bb_main"
				,"transformation": [
					 1
					,0
					,0
					,0.5
					,0
					,1
					,0
					,0
					,0
					,0
					,1
					,0.5625
					,0
					,0
					,0
					,1
				]
				,"meshes": [
					 69
					,70
				]
			}
			,{
				 "name": "bb_main"
				,"transformation": [
					 1
					,0
					,0
					,0.5
					,0
					,1
					,0
					,0
					,0
					,0
					,1
					,0.5625
					,0
					,0
					,0
					,1
				]
				,"meshes": [
					 71
					,72
				]
			}
			,{
				 "name": "bb_main"
				,"transformation": [
					 1
					,0
					,0
					,0.5
					,0
					,1
					,0
					,0
					,0
					,0
					,1
					,0.5625
					,0
					,0
					,0
					,1
				]
				,"meshes": [
					 73
					,74
				]
			}
			,{
				 "name": "bb_main"
				,"transformation": [
					 1
					,0
					,0
					,0.5
					,0
					,1
					,0
					,0
					,0
					,0
					,1
					,0.4375
					,0
					,0
					,0
					,1
				]
				,"meshes": [
					 75
				]
			}
			,{
				 "name": "bb_main"
				,"transformation": [
					 1
					,0
					,0
					,0.5
					,0
					,1
					,0
					,0
					,0
					,0
					,1
					,0.4375
					,0
					,0
					,0
					,1
				]
				,"meshes": [
					 76
				]
			}
			,{
				 "name": "bb_main"
				,"transformation": [
					 1
					,0
					,0
					,0.5
					,0
					,1
					,0
					,0
					,0
					,0
					,1
					,0.4375
					,0
					,0
					,0
					,1
				]
				,"meshes": [
					 77
				]
			}
			,{
				 "name": "bb_main"
				,"transformation": [
					 1
					,0
					,0
					,0.5
					,0
					,1
					,0
					,0
					,0
					,0
					,1
					,0.4375
					,0
					,0
					,0
					,1
				]
				,"meshes": [
					 78
				]
			}
			,{
				 "name": "bb_main"
				,"transformation": [
					 1
					,0
					,0
					,0.5
					,0
					,1
					,0
					,0
					,0
					,0
					,1
					,0.4375
					,0
					,0
					,0
					,1
				]
				,"meshes": [
					 79
				]
			}
			,{
				 "name": "bb_main"
				,"transformation": [
					 1
					,0
					,0
					,0.5
					,0
					,1
					,0
					,0
					,0
					,0
					,1
					,0.4375
					,0
					,0
					,0
					,1
				]
				,"meshes": [
					 80
				]
			}
			,{
				 "name": "bb_main"
				,"transformation": [
					 1
					,0
					,0
					,0.2875
					,0
					,0.92388
					,0.382683
					,0.35625
					,0
					,-0.382683
					,0.92388
					,0.24375
					,0
					,0
					,0
					,1
				]
				,"meshes": [
					 81
				]
			}
			,{
				 "name": "bb_main"
				,"transformation": [
					 1
					,0
					,0
					,0.290625
					,0
					,0.92388
					,0.382683
					,0.153125
					,0
					,-0.382683
					,0.92388
					,0.19375
					,0
					,0
					,0
					,1
				]
				,"meshes": [
					 82
				]
			}
			,{
				 "name": "bb_main"
				,"transformation": [
					 1
					,0
					,0
					,0.290625
					,0
					,0.92388
					,0.382683
					,0.153125
					,0
					,-0.382683
					,0.92388
					,0.19375
					,0
					,0
					,0
					,1
				]
				,"meshes": [
					 83
				]
			}
			,{
				 "name": "bb_main"
				,"transformation": [
					 1
					,0
					,0
					,0.290625
					,0
					,0.92388
					,0.382683
					,0.153125
					,0
					,-0.382683
					,0.92388
					,0.19375
					,0
					,0
					,0
					,1
				]
				,"meshes": [
					 84
				]
			}
			,{
				 "name": "bb_main"
				,"transformation": [
					 1
					,0
					,0
					,0.290625
					,0
					,0.92388
					,0.382683
					,0.153125
					,0
					,-0.382683
					,0.92388
					,0.19375
					,0
					,0
					,0
					,1
				]
				,"meshes": [
					 85
				]
			}
			,{
				 "name": "bb_main"
				,"transformation": [
					 1
					,0
					,0
					,0.290625
					,0
					,0.92388
					,0.382683
					,0.153125
					,0
					,-0.382683
					,0.92388
					,0.19375
					,0
					,0
					,0
					,1
				]
				,"meshes": [
					 86
				]
			}
			,{
				 "name": "bb_main"
				,"transformation": [
					 1
					,0
					,0
					,0.290625
					,0
					,0.92388
					,0.382683
					,0.153125
					,0
					,-0.382683
					,0.92388
					,0.19375
					,0
					,0
					,0
					,1
				]
				,"meshes": [
					 87
				]
			}
			,{
				 "name": "bb_main"
				,"transformation": [
					 1
					,0
					,0
					,0.5
					,0
					,1
					,0
					,0
					,0
					,0
					,1
					,0.375
					,0
					,0
					,0
					,1
				]
				,"meshes": [
					 88
				]
			}
			,{
				 "name": "bb_main"
				,"transformation": [
					 1
					,0
					,0
					,0.49375
					,0
					,1
					,0
					,0
					,0
					,0
					,1
					,0.4375
					,0
					,0
					,0
					,1
				]
				,"meshes": [
					 89
					,90
				]
			}
			,{
				 "name": "bb_main"
				,"transformation": [
					 1
					,0
					,0
					,0.53125
					,0
					,1
					,0
					,0
					,0
					,0
					,1
					,0.4375
					,0
					,0
					,0
					,1
				]
				,"meshes": [
					 91
				]
			}
			,{
				 "name": "bb_main"
				,"transformation": [
					 1
					,0
					,0
					,0.5
					,0
					,1
					,0
					,0
					,0
					,0
					,1
					,0.4375
					,0
					,0
					,0
					,1
				]
				,"meshes": [
					 92
				]
			}
			,{
				 "name": "bb_main"
				,"transformation": [
					 1
					,0
					,0
					,0.5
					,0
					,1
					,0
					,0
					,0
					,0
					,1
					,0.45
					,0
					,0
					,0
					,1
				]
				,"meshes": [
					 93
					,94
				]
			}
			,{
				 "name": "bb_main"
				,"transformation": [
					 1
					,0
					,0
					,0.5
					,0
					,1
					,0
					,0
					,0
					,0
					,1
					,0.45
					,0
					,0
					,0
					,1
				]
				,"meshes": [
					 95
				]
			}
			,{
				 "name": "bb_main"
				,"transformation": [
					 1
					,0
					,0
					,0.5
					,0
					,1
					,0
					,0
					,0
					,0
					,1
					,0.45
					,0
					,0
					,0
					,1
				]
				,"meshes": [
					 96
				]
			}
			,{
				 "name": "bb_main"
				,"transformation": [
					 1
					,0
					,0
					,0.5
					,0
					,1
					,0
					,0
					,0
					,0
					,1
					,0.45
					,0
					,0
					,0
					,1
				]
				,"meshes": [
					 97
				]
			}
			,{
				 "name": "bb_main"
				,"transformation": [
					 1
					,0
					,0
					,0.496875
					,0
					,0.92388
					,-0.382683
					,0.140625
					,0
					,0.382683
					,0.92388
					,0.4875
					,0
					,0
					,0
					,1
				]
				,"meshes": [
					 98
				]
			}
			,{
				 "name": "bb_main"
				,"transformation": [
					 1
					,0
					,0
					,0.49375
					,0
					,0.92388
					,-0.382683
					,0.140625
					,0
					,0.382683
					,0.92388
					,0.4875
					,0
					,0
					,0
					,1
				]
				,"meshes": [
					 99
				]
			}
			,{
				 "name": "bb_main"
				,"transformation": [
					 1
					,0
					,0
					,0.46875
					,0
					,1
					,0
					,0
					,0
					,0
					,1
					,0.4375
					,0
					,0
					,0
					,1
				]
				,"meshes": [
					 100
				]
			}
			,{
				 "name": "bb_main"
				,"transformation": [
					 1
					,0
					,0
					,0.296875
					,0
					,0.92388
					,-0.382683
					,0.390026
					,0
					,0.382683
					,0.92388
					,0.682831
					,0
					,0
					,0
					,1
				]
				,"meshes": [
					 101
					,1
					,0
				]
			}
			,{
				 "name": "bb_main"
				,"transformation": [
					 1
					,0
					,0
					,0.359375
					,0
					,1
					,0
					,0.371512
					,0
					,0
					,1
					,0.700904
					,0
					,0
					,0
					,1
				]
				,"meshes": [
					 102
				]
			}
			,{
				 "name": "bb_main"
				,"transformation": [
					 1
					,0
					,0
					,0.50625
					,0
					,1
					,0
					,0
					,0
					,0
					,1
					,0.4375
					,0
					,0
					,0
					,1
				]
				,"meshes": [
					 103
					,2
					,104
					,2
				]
			}
			,{
				 "name": "bb_main"
				,"transformation": [
					 1
					,0
					,0
					,0.703125
					,0
					,0.92388
					,-0.382683
					,0.390026
					,0
					,0.382683
					,0.92388
					,0.682831
					,0
					,0
					,0
					,1
				]
				,"meshes": [
					 3
					,0
					,3
					,105
					,0
					,1
				]
			}
			,{
				 "name": "bb_main"
				,"transformation": [
					 1
					,0
					,0
					,0.640625
					,0
					,1
					,0
					,0.371512
					,0
					,0
					,1
					,0.700904
					,0
					,0
					,0
					,1
				]
				,"meshes": [
					 106
				]
			}
			,{
				 "name": "bb_main"
				,"transformation": [
					 1
					,0
					,0
					,0.50625
					,0
					,0.92388
					,-0.382683
					,0.231641
					,0
					,0.382683
					,0.92388
					,0.801073
					,0
					,0
					,0
					,1
				]
				,"meshes": [
					 107
				]
			}
			,{
				 "name": "bb_main"
				,"transformation": [
					 1
					,0
					,0
					,0.50625
					,0
					,0.92388
					,-0.382683
					,0.184781
					,0
					,0.382683
					,0.92388
					,0.0902731
					,0
					,0
					,0
					,1
				]
				,"meshes": [
					 4
					,5
					,5
					,5
					,108
					,4
				]
			}
			,{
				 "name": "bb_main"
				,"transformation": [
					 1
					,0
					,0
					,0.5
					,0
					,1
					,0
					,0
					,0
					,0
					,1
					,1.1875
					,0
					,0
					,0
					,1
				]
				,"meshes": [
					 109
				]
			}
			,{
				 "name": "bb_main"
				,"transformation": [
					 1
					,0
					,0
					,0.5
					,0
					,1
					,0
					,0
					,0
					,0
					,1
					,0.4375
					,0
					,0
					,0
					,1
				]
				,"meshes": [
					 110
				]
			}
			,{
				 "name": "bb_main"
				,"transformation": [
					 1
					,0
					,0
					,0.5
					,0
					,1
					,0
					,0
					,0
					,0
					,1
					,0.4375
					,0
					,0
					,0
					,1
				]
				,"meshes": [
					 111
				]
			}
			,{
				 "name": "bb_main"
				,"transformation": [
					 1
					,0
					,0
					,0.5
					,0
					,1
					,0
					,0
					,0
					,0
					,1
					,1.1875
					,0
					,0
					,0
					,1
				]
				,"meshes": [
					 112
				]
			}
			,{
				 "name": "bb_main"
				,"transformation": [
					 1
					,0
					,0
					,0.109375
					,0
					,0.92388
					,-0.382683
					,0.425
					,0
					,0.382683
					,0.92388
					,1.19375
					,0
					,0
					,0
					,1
				]
				,"meshes": [
					 113
				]
			}
			,{
				 "name": "bb_main"
				,"transformation": [
					 1
					,0
					,0
					,0.109375
					,0
					,0.92388
					,0.382683
					,0.425
					,0
					,-0.382683
					,0.92388
					,0.30625
					,0
					,0
					,0
					,1
				]
				,"meshes": [
					 114
				]
			}
			,{
				 "name": "bb_main"
				,"transformation": [
					 1
					,0
					,0
					,0.890625
					,0
					,0.92388
					,0.382683
					,0.425
					,0
					,-0.382683
					,0.92388
					,0.30625
					,0
					,0
					,0
					,1
				]
				,"meshes": [
					 115
				]
			}
			,{
				 "name": "bb_main"
				,"transformation": [
					 1
					,0
					,0
					,0.5
					,0
					,1
					,0
					,0
					,0
					,0
					,1
					,0.5
					,0
					,0
					,0
					,1
				]
				,"meshes": [
					 116
				]
			}
			,{
				 "name": "bb_main"
				,"transformation": [
					 1
					,0
					,0
					,0.890625
					,0
					,0.92388
					,-0.382683
					,0.425
					,0
					,0.382683
					,0.92388
					,1.19375
					,0
					,0
					,0
					,1
				]
				,"meshes": [
					 117
				]
			}
			,{
				 "name": "bb_main"
				,"transformation": [
					 1
					,0
					,0
					,0.109375
					,0
					,0.707107
					,0.707107
					,0.371875
					,0
					,-0.707107
					,0.707107
					,1.125
					,0
					,0
					,0
					,1
				]
				,"meshes": [
					 118
				]
			}
			,{
				 "name": "bb_main"
				,"transformation": [
					 1
					,0
					,0
					,0.109375
					,0
					,0.707107
					,-0.707107
					,0.371875
					,0
					,0.707107
					,0.707107
					,1.125
					,0
					,0
					,0
					,1
				]
				,"meshes": [
					 119
				]
			}
			,{
				 "name": "bb_main"
				,"transformation": [
					 1
					,0
					,0
					,0.890625
					,0
					,0.707107
					,-0.707107
					,0.371875
					,0
					,0.707107
					,0.707107
					,1.125
					,0
					,0
					,0
					,1
				]
				,"meshes": [
					 120
				]
			}
			,{
				 "name": "bb_main"
				,"transformation": [
					 1
					,0
					,0
					,0.890625
					,0
					,0.707107
					,0.707107
					,0.371875
					,0
					,-0.707107
					,0.707107
					,1.125
					,0
					,0
					,0
					,1
				]
				,"meshes": [
					 121
				]
			}
			,{
				 "name": "bb_main"
				,"transformation": [
					 1
					,0
					,0
					,0.109375
					,0
					,0.707107
					,0.707107
					,0.371875
					,0
					,-0.707107
					,0.707107
					,-0.1875
					,0
					,0
					,0
					,1
				]
				,"meshes": [
					 122
				]
			}
			,{
				 "name": "bb_main"
				,"transformation": [
					 1
					,0
					,0
					,0.109375
					,0
					,0.707107
					,-0.707107
					,0.371875
					,0
					,0.707107
					,0.707107
					,-0.1875
					,0
					,0
					,0
					,1
				]
				,"meshes": [
					 123
				]
			}
			,{
				 "name": "bb_main"
				,"transformation": [
					 1
					,0
					,0
					,0.890625
					,0
					,0.707107
					,0.707107
					,0.371875
					,0
					,-0.707107
					,0.707107
					,-0.1875
					,0
					,0
					,0
					,1
				]
				,"meshes": [
					 124
				]
			}
			,{
				 "name": "bb_main"
				,"transformation": [
					 1
					,0
					,0
					,0.890625
					,0
					,0.707107
					,-0.707107
					,0.371875
					,0
					,0.707107
					,0.707107
					,-0.1875
					,0
					,0
					,0
					,1
				]
				,"meshes": [
					 125
				]
			}
			,{
				 "name": "bb_main"
				,"transformation": [
					 1
					,0
					,0
					,0.53125
					,0
					,1
					,0
					,0
					,0
					,0
					,1
					,0.4375
					,0
					,0
					,0
					,1
				]
				,"meshes": [
					 126
				]
			}
			,{
				 "name": "bb_main"
				,"transformation": [
					 1
					,0
					,0
					,0.5
					,0
					,1
					,0
					,0
					,0
					,0
					,1
					,0.375
					,0
					,0
					,0
					,1
				]
				,"meshes": [
					 127
				]
			}
			,{
				 "name": "bb_main"
				,"transformation": [
					 1
					,0
					,0
					,0.5
					,0
					,1
					,0
					,0
					,0
					,0
					,1
					,0.375
					,0
					,0
					,0
					,1
				]
				,"meshes": [
					 128
				]
			}
			,{
				 "name": "bb_main"
				,"transformation": [
					 1
					,0
					,0
					,0.5
					,0
					,1
					,0
					,0
					,0
					,0
					,1
					,0.375
					,0
					,0
					,0
					,1
				]
				,"meshes": [
					 129
				]
			}
			,{
				 "name": "bb_main"
				,"transformation": [
					 1
					,0
					,0
					,0.5
					,0
					,1
					,0
					,0
					,0
					,0
					,1
					,0.375
					,0
					,0
					,0
					,1
				]
				,"meshes": [
					 130
				]
			}
			,{
				 "name": "bb_main"
				,"transformation": [
					 1
					,0
					,0
					,0.5
					,0
					,1
					,0
					,0
					,0
					,0
					,1
					,0.375
					,0
					,0
					,0
					,1
				]
				,"meshes": [
					 131
				]
			}
			,{
				 "name": "bb_main"
				,"transformation": [
					 1
					,0
					,0
					,0.5
					,0
					,1
					,0
					,0
					,0
					,0
					,1
					,0.375
					,0
					,0
					,0
					,1
				]
				,"meshes": [
					 132
				]
			}
			,{
				 "name": "bb_main"
				,"transformation": [
					 1
					,0
					,0
					,0.5
					,0
					,1
					,0
					,0
					,0
					,0
					,1
					,0.375
					,0
					,0
					,0
					,1
				]
				,"meshes": [
					 133
				]
			}
			,{
				 "name": "bb_main"
				,"transformation": [
					 1
					,0
					,0
					,0.900625
					,0
					,0.707107
					,0.707107
					,0.0910963
					,0
					,-0.707107
					,0.707107
					,0.87096
					,0
					,0
					,0
					,1
				]
				,"meshes": [
					 134
				]
			}
			,{
				 "name": "bb_main"
				,"transformation": [
					 1
					,0
					,0
					,0.900625
					,0
					,0.707107
					,0.707107
					,0.0910963
					,0
					,-0.707107
					,0.707107
					,0.87096
					,0
					,0
					,0
					,1
				]
				,"meshes": [
					 135
				]
			}
			,{
				 "name": "bb_main"
				,"transformation": [
					 1
					,0
					,0
					,0.5
					,0
					,1
					,0
					,0
					,0
					,0
					,1
					,0.375
					,0
					,0
					,0
					,1
				]
				,"meshes": [
					 136
				]
			}
			,{
				 "name": "bb_main"
				,"transformation": [
					 1
					,0
					,0
					,0.099375
					,0
					,0.707107
					,0.707107
					,0.0910963
					,0
					,-0.707107
					,0.707107
					,0.87096
					,0
					,0
					,0
					,1
				]
				,"meshes": [
					 137
				]
			}
			,{
				 "name": "bb_main"
				,"transformation": [
					 1
					,0
					,0
					,0.099375
					,0
					,0.707107
					,0.707107
					,0.0910963
					,0
					,-0.707107
					,0.707107
					,0.87096
					,0
					,0
					,0
					,1
				]
				,"meshes": [
					 138
				]
			}
			,{
				 "name": "bb_main"
				,"transformation": [
					 1
					,0
					,0
					,0.5
					,0
					,1
					,0
					,0
					,0
					,0
					,1
					,0.375
					,0
					,0
					,0
					,1
				]
				,"meshes": [
					 139
				]
			}
			,{
				 "name": "bb_main"
				,"transformation": [
					 1
					,0
					,0
					,0.5
					,0
					,1
					,0
					,0
					,0
					,0
					,1
					,0.375
					,0
					,0
					,0
					,1
				]
				,"meshes": [
					 140
				]
			}
			,{
				 "name": "bb_main"
				,"transformation": [
					 1
					,0
					,0
					,0.5
					,0
					,1
					,0
					,0
					,0
					,0
					,1
					,0.375
					,0
					,0
					,0
					,1
				]
				,"meshes": [
					 141
				]
			}
			,{
				 "name": "bb_main"
				,"transformation": [
					 1
					,0
					,0
					,0.5
					,0
					,1
					,0
					,0
					,0
					,0
					,1
					,1.1875
					,0
					,0
					,0
					,1
				]
				,"meshes": [
					 142
				]
			}
			,{
				 "name": "bb_main"
				,"transformation": [
					 1
					,0
					,0
					,0.5
					,0
					,1
					,0
					,0
					,0
					,0
					,1
					,0.375
					,0
					,0
					,0
					,1
				]
				,"meshes": [
					 143
				]
			}
			,{
				 "name": "bb_main"
				,"transformation": [
					 1
					,0
					,0
					,0.5
					,0
					,1
					,0
					,0
					,0
					,0
					,1
					,0.375
					,0
					,0
					,0
					,1
				]
				,"meshes": [
					 144
				]
			}
			,{
				 "name": "bb_main"
				,"transformation": [
					 0.92388
					,0.382683
					,0
					,0.071875
					,-0.382683
					,0.92388
					,0
					,0.4375
					,0
					,0
					,1
					,0.1375
					,0
					,0
					,0
					,1
				]
				,"meshes": [
					 145
				]
			}
			,{
				 "name": "bb_main"
				,"transformation": [
					 0.92388
					,0
					,0.382683
					,0.0826644
					,0
					,1
					,0
					,0.45
					,-0.382683
					,0
					,0.92388
					,0.13853
					,0
					,0
					,0
					,1
				]
				,"meshes": [
					 146
				]
			}
			,{
				 "name": "bb_main"
				,"transformation": [
					 0.92388
					,-0.382683
					,0
					,0.928125
					,0.382683
					,0.92388
					,0
					,0.4375
					,0
					,0
					,1
					,0.1375
					,0
					,0
					,0
					,1
				]
				,"meshes": [
					 147
				]
			}
			,{
				 "name": "bb_main"
				,"transformation": [
					 0.92388
					,0
					,-0.382683
					,0.917336
					,0
					,1
					,0
					,0.45
					,0.382683
					,0
					,0.92388
					,0.13853
					,0
					,0
					,0
					,1
				]
				,"meshes": [
					 148
				]
			}
			,{
				 "name": "bb_main"
				,"transformation": [
					 1
					,0
					,0
					,0.5
					,0
					,0.92388
					,-0.382683
					,0.189866
					,0
					,0.382683
					,0.92388
					,1.55669
					,0
					,0
					,0
					,1
				]
				,"meshes": [
					 149
				]
			}
			,{
				 "name": "bb_main"
				,"transformation": [
					 1
					,0
					,0
					,0.5
					,0
					,0.92388
					,-0.382683
					,0.189866
					,0
					,0.382683
					,0.92388
					,1.55669
					,0
					,0
					,0
					,1
				]
				,"meshes": [
					 150
					,6
					,151
					,6
				]
			}
			,{
				 "name": "bb_main"
				,"transformation": [
					 1
					,0
					,0
					,0.5
					,0
					,1
					,0
					,0.133912
					,0
					,0
					,1
					,1.50104
					,0
					,0
					,0
					,1
				]
				,"meshes": [
					 152
				]
			}
			,{
				 "name": "bb_main"
				,"transformation": [
					 1
					,0
					,0
					,0.5
					,0
					,1
					,0
					,0
					,0
					,0
					,1
					,0.4375
					,0
					,0
					,0
					,1
				]
				,"meshes": [
					 153
				]
			}
			,{
				 "name": "bb_main"
				,"transformation": [
					 1
					,0
					,0
					,0.5
					,0
					,1
					,0
					,0
					,0
					,0
					,1
					,0.375
					,0
					,0
					,0
					,1
				]
				,"meshes": [
					 7
					,154
					,7
					,155
				]
			}
			,{
				 "name": "bb_main"
				,"transformation": [
					 1
					,0
					,0
					,0.5
					,0
					,0.92388
					,-0.382683
					,0.189866
					,0
					,0.382683
					,0.92388
					,1.55669
					,0
					,0
					,0
					,1
				]
				,"meshes": [
					 156
				]
			}
			,{
				 "name": "bb_main"
				,"transformation": [
					 1
					,0
					,0
					,0.125
					,0
					,0.92388
					,-0.382683
					,0.189866
					,0
					,0.382683
					,0.92388
					,1.55669
					,0
					,0
					,0
					,1
				]
				,"meshes": [
					 157
				]
			}
			,{
				 "name": "bb_main"
				,"transformation": [
					 1
					,0
					,0
					,0.125
					,0
					,0.92388
					,-0.382683
					,0.189866
					,0
					,0.382683
					,0.92388
					,1.55669
					,0
					,0
					,0
					,1
				]
				,"meshes": [
					 158
				]
			}
			,{
				 "name": "bb_main"
				,"transformation": [
					 1
					,0
					,0
					,0.5
					,0
					,1
					,0
					,0
					,0
					,0
					,1
					,0.4375
					,0
					,0
					,0
					,1
				]
				,"meshes": [
					 159
				]
			}
			,{
				 "name": "bb_main"
				,"transformation": [
					 1
					,0
					,0
					,0.5
					,0
					,1
					,0
					,0
					,0
					,0
					,1
					,0.375
					,0
					,0
					,0
					,1
				]
				,"meshes": [
					 160
				]
			}
			,{
				 "name": "bb_main"
				,"transformation": [
					 1
					,0
					,0
					,0.5
					,0
					,1
					,0
					,0
					,0
					,0
					,1
					,0.375
					,0
					,0
					,0
					,1
				]
				,"meshes": [
					 161
				]
			}
			,{
				 "name": "bb_main"
				,"transformation": [
					 1
					,0
					,0
					,0.46875
					,0
					,1
					,0
					,0
					,0
					,0
					,1
					,0.375
					,0
					,0
					,0
					,1
				]
				,"meshes": [
					 162
				]
			}
			,{
				 "name": "bb_main"
				,"transformation": [
					 1
					,0
					,0
					,0.46875
					,0
					,1
					,0
					,0
					,0
					,0
					,1
					,0.375
					,0
					,0
					,0
					,1
				]
				,"meshes": [
					 163
				]
			}
			,{
				 "name": "bb_main"
				,"transformation": [
					 1
					,0
					,0
					,0.53125
					,0
					,1
					,0
					,0
					,0
					,0
					,1
					,0.375
					,0
					,0
					,0
					,1
				]
				,"meshes": [
					 164
				]
			}
			,{
				 "name": "bb_main"
				,"transformation": [
					 1
					,0
					,0
					,0.53125
					,0
					,1
					,0
					,0
					,0
					,0
					,1
					,0.375
					,0
					,0
					,0
					,1
				]
				,"meshes": [
					 165
				]
			}
			,{
				 "name": "bb_main"
				,"transformation": [
					 1
					,0
					,0
					,0.53125
					,0
					,1
					,0
					,0
					,0
					,0
					,1
					,0.375
					,0
					,0
					,0
					,1
				]
				,"meshes": [
					 166
				]
			}
			,{
				 "name": "bb_main"
				,"transformation": [
					 1
					,0
					,0
					,0.46875
					,0
					,1
					,0
					,0
					,0
					,0
					,1
					,0.375
					,0
					,0
					,0
					,1
				]
				,"meshes": [
					 167
				]
			}
			,{
				 "name": "bb_main"
				,"transformation": [
					 1
					,0
					,0
					,0.46875
					,0
					,1
					,0
					,0
					,0
					,0
					,1
					,0.375
					,0
					,0
					,0
					,1
				]
				,"meshes": [
					 168
				]
			}
			,{
				 "name": "bb_main"
				,"transformation": [
					 1
					,0
					,0
					,0.5
					,0
					,0.92388
					,0.382683
					,0.381208
					,0
					,-0.382683
					,0.92388
					,-0.47007
					,0
					,0
					,0
					,1
				]
				,"meshes": [
					 169
				]
			}
			,{
				 "name": "bb_main"
				,"transformation": [
					 1
					,0
					,0
					,0.5
					,0
					,0.92388
					,0.382683
					,0.381208
					,0
					,-0.382683
					,0.92388
					,-0.47007
					,0
					,0
					,0
					,1
				]
				,"meshes": [
					 170
				]
			}
			,{
				 "name": "bb_main"
				,"transformation": [
					 1
					,0
					,0
					,0.10625
					,0
					,1
					,0
					,0.310431
					,0
					,0
					,1
					,-0.420458
					,0
					,0
					,0
					,1
				]
				,"meshes": [
					 8
				]
			}
			,{
				 "name": "bb_main"
				,"transformation": [
					 1
					,0
					,0
					,0.89375
					,0
					,1
					,0
					,0.310431
					,0
					,0
					,1
					,-0.420458
					,0
					,0
					,0
					,1
				]
				,"meshes": [
					 8
				]
			}
			,{
				 "name": "bb_main"
				,"transformation": [
					 1
					,0
					,0
					,0.5
					,0
					,0.92388
					,0.382683
					,0.381208
					,0
					,-0.382683
					,0.92388
					,-0.47007
					,0
					,0
					,0
					,1
				]
				,"meshes": [
					 171
				]
			}
			,{
				 "name": "bb_main"
				,"transformation": [
					 1
					,0
					,0
					,0.5
					,0
					,1
					,0
					,0.27476
					,0
					,0
					,1
					,-0.490244
					,0
					,0
					,0
					,1
				]
				,"meshes": [
					 172
					,173
				]
			}
			,{
				 "name": "bb_main"
				,"transformation": [
					 1
					,0
					,0
					,0.5
					,0
					,1
					,0
					,0.27476
					,0
					,0
					,1
					,-0.490244
					,0
					,0
					,0
					,1
				]
				,"meshes": [
					 174
				]
			}
			,{
				 "name": "bb_main"
				,"transformation": [
					 1
					,0
					,0
					,0.5
					,0
					,1
					,0
					,0.27476
					,0
					,0
					,1
					,-0.490244
					,0
					,0
					,0
					,1
				]
				,"meshes": [
					 175
				]
			}
			,{
				 "name": "bb_main"
				,"transformation": [
					 1
					,0
					,0
					,0.5
					,0
					,1
					,0
					,0.27476
					,0
					,0
					,1
					,-0.490244
					,0
					,0
					,0
					,1
				]
				,"meshes": [
					 176
				]
			}
			,{
				 "name": "bb_main"
				,"transformation": [
					 1
					,0
					,0
					,0.5
					,0
					,1
					,0
					,0.27476
					,0
					,0
					,1
					,-0.490244
					,0
					,0
					,0
					,1
				]
				,"meshes": [
					 177
				]
			}
			,{
				 "name": "bb_main"
				,"transformation": [
					 1
					,0
					,0
					,0.5
					,0
					,1
					,0
					,0.27476
					,0
					,0
					,1
					,-0.490244
					,0
					,0
					,0
					,1
				]
				,"meshes": [
					 178
					,179
					,9
					,9
				]
			}
			,{
				 "name": "bb_main"
				,"transformation": [
					 1
					,0
					,0
					,0.5
					,0
					,1
					,0
					,0.27476
					,0
					,0
					,1
					,-0.490244
					,0
					,0
					,0
					,1
				]
				,"meshes": [
					 180
				]
			}
			,{
				 "name": "bb_main"
				,"transformation": [
					 1
					,0
					,0
					,0.5
					,0
					,1
					,0
					,0.27476
					,0
					,0
					,1
					,-0.490244
					,0
					,0
					,0
					,1
				]
				,"meshes": [
					 181
				]
			}
			,{
				 "name": "bb_main"
				,"transformation": [
					 1
					,0
					,0
					,0.5
					,0
					,1
					,0
					,0.27476
					,0
					,0
					,1
					,-0.490244
					,0
					,0
					,0
					,1
				]
				,"meshes": [
					 182
				]
			}
			,{
				 "name": "bb_main"
				,"transformation": [
					 1
					,0
					,0
					,0.5
					,0
					,1
					,0
					,0.27476
					,0
					,0
					,1
					,-0.490244
					,0
					,0
					,0
					,1
				]
				,"meshes": [
					 183
				]
			}
			,{
				 "name": "bb_main"
				,"transformation": [
					 1
					,0
					,0
					,0.5
					,0
					,1
					,0
					,0.27476
					,0
					,0
					,1
					,-0.490244
					,0
					,0
					,0
					,1
				]
				,"meshes": [
					 184
					,185
					,10
					,10
				]
			}
			,{
				 "name": "bb_main"
				,"transformation": [
					 1
					,0
					,0
					,0.53125
					,0
					,0.92388
					,0.382683
					,0.335425
					,0
					,-0.382683
					,0.92388
					,-0.417281
					,0
					,0
					,0
					,1
				]
				,"meshes": [
					 186
				]
			}
			,{
				 "name": "bb_main"
				,"transformation": [
					 1
					,0
					,0
					,0.53125
					,0
					,0.92388
					,0.382683
					,0.335425
					,0
					,-0.382683
					,0.92388
					,-0.417281
					,0
					,0
					,0
					,1
				]
				,"meshes": [
					 187
				]
			}
			,{
				 "name": "bb_main"
				,"transformation": [
					 1
					,0
					,0
					,0.46875
					,0
					,0.92388
					,0.382683
					,0.335425
					,0
					,-0.382683
					,0.92388
					,-0.417281
					,0
					,0
					,0
					,1
				]
				,"meshes": [
					 188
				]
			}
			,{
				 "name": "bb_main"
				,"transformation": [
					 1
					,0
					,0
					,0.5
					,0
					,1
					,0
					,0
					,0
					,0
					,1
					,0.5
					,0
					,0
					,0
					,1
				]
				,"meshes": [
					 189
				]
			}
			,{
				 "name": "bb_main"
				,"transformation": [
					 1
					,0
					,0
					,0.5
					,0
					,0.92388
					,-0.382683
					,0.401094
					,0
					,0.382683
					,0.92388
					,1.51086
					,0
					,0
					,0
					,1
				]
				,"meshes": [
					 190
				]
			}
			,{
				 "name": "bb_main"
				,"transformation": [
					 1
					,0
					,0
					,0.46875
					,0
					,0.92388
					,0.382683
					,0.401043
					,0
					,-0.382683
					,0.92388
					,1.44527
					,0
					,0
					,0
					,1
				]
				,"meshes": [
					 191
				]
			}
			,{
				 "name": "bb_main"
				,"transformation": [
					 1
					,0
					,0
					,0.5
					,0
					,0.707107
					,0.707107
					,0.452196
					,0
					,-0.707107
					,0.707107
					,1.53499
					,0
					,0
					,0
					,1
				]
				,"meshes": [
					 192
				]
			}
			,{
				 "name": "bb_main"
				,"transformation": [
					 1
					,0
					,0
					,0.125
					,0
					,0.707107
					,0.707107
					,0.448679
					,0
					,-0.707107
					,0.707107
					,0.143911
					,0
					,0
					,0
					,1
				]
				,"meshes": [
					 193
				]
			}
			,{
				 "name": "bb_main"
				,"transformation": [
					 1
					,0
					,0
					,0.125
					,0
					,0.707107
					,0.707107
					,0.448679
					,0
					,-0.707107
					,0.707107
					,0.143911
					,0
					,0
					,0
					,1
				]
				,"meshes": [
					 194
				]
			}
			,{
				 "name": "bb_main"
				,"transformation": [
					 1
					,0
					,0
					,0.875
					,0
					,0.707107
					,0.707107
					,0.448679
					,0
					,-0.707107
					,0.707107
					,0.143911
					,0
					,0
					,0
					,1
				]
				,"meshes": [
					 195
				]
			}
			,{
				 "name": "bb_main"
				,"transformation": [
					 1
					,0
					,0
					,0.125
					,0
					,0.92388
					,-0.382683
					,0.434251
					,0
					,0.382683
					,0.92388
					,1.25307
					,0
					,0
					,0
					,1
				]
				,"meshes": [
					 196
				]
			}
			,{
				 "name": "bb_main"
				,"transformation": [
					 1
					,0
					,0
					,0.875
					,0
					,0.92388
					,-0.382683
					,0.434251
					,0
					,0.382683
					,0.92388
					,1.25307
					,0
					,0
					,0
					,1
				]
				,"meshes": [
					 197
				]
			}
			,{
				 "name": "bb_main"
				,"transformation": [
					 1
					,0
					,0
					,0.5
					,0
					,1
					,0
					,0
					,0
					,0
					,1
					,0.5
					,0
					,0
					,0
					,1
				]
				,"meshes": [
					 198
				]
			}
			,{
				 "name": "bb_main"
				,"transformation": [
					 1
					,0
					,0
					,0.125
					,0
					,0.92388
					,-0.382683
					,0.434251
					,0
					,0.382683
					,0.92388
					,1.25307
					,0
					,0
					,0
					,1
				]
				,"meshes": [
					 199
				]
			}
			,{
				 "name": "bb_main"
				,"transformation": [
					 1
					,0
					,0
					,0.125
					,0
					,0.92388
					,-0.382683
					,0.434251
					,0
					,0.382683
					,0.92388
					,1.25307
					,0
					,0
					,0
					,1
				]
				,"meshes": [
					 200
				]
			}
			,{
				 "name": "bb_main"
				,"transformation": [
					 1
					,0
					,0
					,0.875
					,0
					,0.92388
					,-0.382683
					,0.434251
					,0
					,0.382683
					,0.92388
					,1.25307
					,0
					,0
					,0
					,1
				]
				,"meshes": [
					 201
				]
			}
			,{
				 "name": "bb_main"
				,"transformation": [
					 1
					,0
					,0
					,0.875
					,0
					,0.92388
					,-0.382683
					,0.434251
					,0
					,0.382683
					,0.92388
					,1.25307
					,0
					,0
					,0
					,1
				]
				,"meshes": [
					 202
				]
			}
			,{
				 "name": "bb_main"
				,"transformation": [
					 1
					,0
					,0
					,0.125
					,0
					,0.92388
					,-0.382683
					,0.434251
					,0
					,0.382683
					,0.92388
					,1.25307
					,0
					,0
					,0
					,1
				]
				,"meshes": [
					 203
				]
			}
			,{
				 "name": "cube"
				,"transformation": [
					 1
					,0
					,0
					,0.140625
					,0
					,1
					,0
					,0.15625
					,0
					,0
					,1
					,-0.1875
					,0
					,0
					,0
					,1
				]
				,"meshes": [
					 204
				]
			}
			,{
				 "name": "cube"
				,"transformation": [
					 1
					,0
					,0
					,0.140625
					,0
					,1
					,0
					,0.15625
					,0
					,0
					,1
					,-0.1875
					,0
					,0
					,0
					,1
				]
				,"meshes": [
					 205
				]
			}
			,{
				 "name": "bb_main"
				,"transformation": [
					 1
					,0
					,0
					,0.5
					,0
					,1
					,0
					,0
					,0
					,0
					,1
					,0.5
					,0
					,0
					,0
					,1
				]
				,"meshes": [
					 206
				]
			}
			,{
